30639,40.262,24.5716,3.79597,-1.18255e+09
56074,19.6189,20.0029,4.86402,-1.18255e+09
61673,-36.8067,2.93653,0.988985,-1.18257e+09
76742,-40.8306,8.82292,3.72622,-1.18256e+09
96162,53.3356,8.90428,2.50129,-1.18256e+09
121949,19.1873,19.3442,4.8663,-1.18255e+09
127485,-37.0391,3.05117,1.01194,-1.18257e+09
142522,-40.2056,9.06387,3.89922,-1.18256e+09
161958,51.8602,8.59623,2.37131,-1.18256e+09
187489,19.9415,19.5172,4.90498,-1.18255e+09
193024,-35.6649,2.93062,0.987517,-1.18257e+09
208862,-39.0832,8.86569,3.73411,-1.18256e+09
228585,52.0264,9.2029,2.55265,-1.18256e+09
254916,19.7792,19.7152,4.83709,-1.18255e+09
260803,-34.8187,2.91357,0.9578,-1.18257e+09
275584,-40.2643,8.41056,3.4542,-1.18256e+09
290797,74.7782,5.94005,1.49607,-1.18257e+09
304395,38.5761,10.5699,2.64319,-1.18256e+09
310154,-35.9944,2.90777,0.888348,-1.18257e+09
324551,-40.002,8.23,3.52161,-1.18256e+09
339924,75.2324,6.01034,1.55905,-1.18257e+09
353617,37.4414,10.3538,2.5998,-1.18256e+09
359344,-36.7304,2.97704,0.876062,-1.18257e+09
374061,-40.6821,8.68091,3.73078,-1.18256e+09
389498,74.3793,6.05423,1.53385,-1.18257e+09
404311,37.9798,10.3643,2.57294,-1.18256e+09
410455,-35.6148,3.332,0.871923,-1.18257e+09
424884,-40.2793,8.83715,3.8134,-1.18256e+09
437873,96.9271,4.56372,1.1535,-1.18257e+09
446703,55.5269,6.82023,1.79829,-1.18257e+09
452430,-38.5682,3.1244,0.840272,-1.18257e+09
465996,-40.0227,8.27587,3.54743,-1.18256e+09
478841,97.8184,4.43051,1.16051,-1.18257e+09
488152,54.7444,6.7241,1.74641,-1.18257e+09
494231,-36.6568,3.20424,0.779282,-1.18257e+09
508692,-40.6403,8.28529,3.51926,-1.18256e+09
522001,96.6241,4.71579,1.17554,-1.18257e+09
531727,56.334,6.63582,1.79357,-1.18257e+09
538062,-37.2267,3.50373,0.795668,-1.18257e+09
552523,-40.6342,8.17638,3.38125,-1.18256e+09
565657,97.3298,4.71108,1.19829,-1.18257e+09
576055,55.5827,6.86158,1.8076,-1.18257e+09
582549,-36.9686,3.71602,0.808725,-1.18257e+09
597811,-39.8049,8.60351,3.66685,-1.18256e+09
611184,96.0468,4.84798,1.1867,-1.18257e+09
620622,55.264,6.72958,1.76157,-1.18257e+09
626733,-36.1608,3.28478,0.785139,-1.18257e+09
641354,-40.6383,8.4635,3.62624,-1.18256e+09
653368,112.619,3.95931,0.983876,-1.18257e+09
660886,68.9677,5.1264,1.43322,-1.18257e+09
667285,-35.6303,3.45869,0.731889,-1.18257e+09
681970,-40.2536,8.16145,3.53417,-1.18256e+09
694128,112.151,4.01746,0.976663,-1.18257e+09
701295,67.6988,4.97042,1.38615,-1.18257e+09
707790,-34.9433,3.27517,0.715904,-1.18257e+09
721355,-41.5073,7.69786,3.28885,-1.18256e+09
733257,112.572,3.86308,0.968838,-1.18257e+09
741351,69.1349,5.1697,1.454,-1.18257e+09
747814,-36.6281,3.87105,0.788095,-1.18257e+09
761603,-38.6492,8.455,3.76556,-1.18256e+09
773505,112.76,3.81178,0.999953,-1.18257e+09
781024,68.4117,4.95622,1.38288,-1.18257e+09
787710,-34.9518,3.52347,0.752725,-1.18257e+09
801820,-40.9285,8.05518,3.55766,-1.18256e+09
813913,112.312,3.96682,0.981638,-1.18257e+09
821016,69.2481,5.02032,1.40107,-1.18257e+09
827415,-34.9174,3.33442,0.794387,-1.18257e+09
841204,-40.5029,7.88037,3.57523,-1.18256e+09
853074,112.166,3.90796,0.96892,-1.18257e+09
860912,68.1987,5.16798,1.3953,-1.18257e+09
867631,-35.6497,3.72475,0.853747,-1.18257e+09
881709,-40.4587,7.95777,3.58233,-1.18256e+09
893658,112.549,3.93537,0.969217,-1.18257e+09
901945,68.3579,5.12872,1.37209,-1.18257e+09
909079,-33.253,3.85212,0.8053,-1.18257e+09
923477,-40.1671,7.71891,3.36917,-1.18256e+09
935570,111.923,4.01973,0.975335,-1.18257e+09
943505,67.8365,5.06724,1.38127,-1.18257e+09
950480,-34.502,3.75279,0.814039,-1.18257e+09
964333,-41.2051,8.08811,3.67106,-1.18256e+09
976299,112.2,3.90105,0.962684,-1.18257e+09
984073,67.4545,5.07693,1.38739,-1.18257e+09
990760,-35.2036,3.70105,0.830914,-1.18257e+09
1004613,-39.7415,7.99697,3.58195,-1.18256e+09
1016691,111.986,3.89489,0.987826,-1.18257e+09
1025266,67.3916,4.91869,1.36478,-1.18257e+09
1032784,-32.2894,4.04774,0.764632,-1.18257e+09
1046638,-40.6896,7.75719,3.39458,-1.18256e+09
1058699,112.149,3.9158,0.963877,-1.18257e+09
1066058,68.7019,5.05857,1.4345,-1.18257e+09
1072457,-34.1741,3.43057,0.778521,-1.18257e+09
1085990,-39.7009,8.04082,3.6879,-1.18256e+09
1097908,112.042,3.81186,0.959483,-1.18257e+09
1105970,69.0794,5.12777,1.42789,-1.18257e+09
1113009,-34.1104,3.78738,0.800706,-1.18257e+09
1127118,-40.197,7.8417,3.4698,-1.18256e+09
1139212,112.147,3.98576,0.980588,-1.18257e+09
1146827,67.1642,5.05694,1.39715,-1.18257e+09
1153545,-33.6861,3.45978,0.751102,-1.18257e+09
1168103,-39.9775,7.71689,3.40699,-1.18256e+09
1180324,111.525,4.09927,0.99809,-1.18257e+09
1188739,67.8541,5.08052,1.40993,-1.18257e+09
1196193,-33.4143,3.96056,0.791441,-1.18257e+09
1210687,-40.5323,7.56915,3.27175,-1.18256e+09
1222812,111.571,4.07995,0.989604,-1.18257e+09
1231387,67.3813,5.17763,1.41618,-1.18257e+09
1238617,-35.4052,4.11208,0.841064,-1.18257e+09
1253591,-39.6358,7.75163,3.31401,-1.18256e+09
1265780,111.32,4.15642,1.01638,-1.18257e+09
1274674,66.9349,5.17132,1.38962,-1.18257e+09
1282353,-33.1631,4.1003,0.747754,-1.18257e+09
1296526,-40.7432,7.5033,3.20651,-1.18256e+09
1308716,111.056,4.04717,0.980369,-1.18257e+09
1317418,67.7836,5.0486,1.37847,-1.18257e+09
1325033,-33.8552,4.16453,0.812928,-1.18257e+09
1339846,-41.3359,7.86642,3.35144,-1.18256e+09
1352116,111.304,4.15178,1.01404,-1.18257e+09
1360786,67.7258,5.10275,1.40268,-1.18257e+09
1368273,-33.5188,4.08008,0.785006,-1.18257e+09
1383342,-40.1189,7.8384,3.41121,-1.18256e+09
1395532,111.181,4.15342,0.975709,-1.18257e+09
1404074,67.241,5.25166,1.42206,-1.18257e+09
1411497,-33.7507,3.97123,0.802343,-1.18257e+09
1426438,-40.8311,7.66209,3.2819,-1.18256e+09
1438787,110.754,4.17529,0.992471,-1.18257e+09
1446274,67.6872,5.12058,1.43184,-1.18257e+09
1453057,-33.8038,3.3709,0.730639,-1.18257e+09
1467134,-41.2285,7.60461,3.31206,-1.18256e+09
1479356,110.902,4.03007,0.974847,-1.18257e+09
1487642,67.3665,5.05309,1.39316,-1.18257e+09
1495033,-33.3155,3.82749,0.737607,-1.18257e+09
1509142,-40.6447,7.63795,3.29396,-1.18256e+09
1521236,111.536,4.04112,0.998537,-1.18257e+09
1529330,67.6002,5.15417,1.42316,-1.18257e+09
1536209,-35.1993,3.81536,0.803274,-1.18257e+09
1552174,-40.1694,8.17629,3.59394,-1.18256e+09
1564636,110.232,4.30688,1.00121,-1.18257e+09
1574042,66.2598,5.16596,1.40967,-1.18257e+09
1581529,-36.0834,4.53426,0.812966,-1.18257e+09
1596566,-39.1627,8.42683,3.67507,-1.18256e+09
1608691,111.326,4.07685,0.982696,-1.18257e+09
1615763,67.5333,5.20878,1.42202,-1.18257e+09
1622161,-34.0234,3.1353,0.73904,-1.18257e+09
1636494,-39.7794,7.43534,3.26069,-1.18256e+09
1648716,111.046,4.06567,0.977104,-1.18257e+09
1657418,67.0014,5.10869,1.40393,-1.18257e+09
1664553,-34.2066,4.07585,0.777909,-1.18257e+09
1679782,-39.0383,8.19466,3.60243,-1.18256e+09
1692003,111.851,4.1389,1.00122,-1.18257e+09
1699202,65.9934,5.00081,1.334,-1.18257e+09
1705473,-35.9255,3.41296,0.828652,-1.18257e+09
1720510,-40.4871,8.33136,3.79309,-1.18256e+09
1732908,111.185,4.1397,1.00868,-1.18257e+09
1741386,67.1752,5.00064,1.41355,-1.18257e+09
1748745,-35.3889,4.16992,0.833216,-1.18257e+09
1763558,-40.3895,8.00091,3.45128,-1.18256e+09
1775764,110.345,4.07778,0.98761,-1.18257e+09
1783954,66.877,5.11395,1.38738,-1.18257e+09
1790993,-34.0497,3.79584,0.773187,-1.18257e+09
1805294,-39.4894,8.0007,3.53299,-1.18256e+09
1817420,110.685,3.97011,0.987076,-1.18257e+09
1826154,66.9651,5.06119,1.42489,-1.18257e+09
1833577,-34.3273,4.15281,0.735397,-1.18257e+09
1848262,-39.0572,8.01857,3.42083,-1.18256e+09
1860451,111.237,4.03281,0.995733,-1.18257e+09
1868002,66.5989,5.03617,1.39056,-1.18257e+09
1874433,-33.9262,3.44781,0.73377,-1.18257e+09
1889118,-38.932,8.27544,3.7199,-1.18256e+09
1899388,147.799,2.79899,0.748802,-1.18257e+09
2036610,-38.6657,10.4274,2.63158,-1.18257e+09
